# Core i7-6600U (Notebook CPU, 2 cores + HT)
# g++ (Debian 7.3.0-5) 7.3.0
#
# OMP_NUM_THREADS=4, w/ state shuffling
thread 0: 
0.831928 0.256929 0.155328 0.398596 0.340793 0.280511 0.612599 0.869853 0.5053 0.62042 0.679825 0.605796 0.120332 0.68583 0.727047 0.13748 0.127144 0.4814 0.790946 0.999271 0.147905 0.806739 0.572417 0.279564 0.764275 0.528588 0.678034 0.361268 0.168159 0.91199 0.0861496 0.471448 
thread 1: 
0.373585 0.996953 0.375693 0.39 0.591035 0.274641 0.463095 0.110114 0.303439 0.508226 0.217354 0.42321 0.143982 0.28457 0.725921 0.819155 0.686827 0.446321 0.395962 0.755945 0.153547 0.48011 0.988234 0.657909 0.234662 0.592856 0.039496 0.307161 0.584825 0.836565 0.964484 0.856794 
thread 2: 
0.8012 0.356734 0.562907 0.600094 0.0486534 0.5746 0.629897 0.804511 0.588847 0.640672 0.49602 0.855213 0.202408 0.909931 0.251495 0.657903 0.140504 0.274641 0.141106 0.408519 0.564742 0.56678 0.815881 0.941065 0.613845 0.118063 0.953413 0.034504 0.943767 0.84325 0.109606 0.505047 
thread 3: 
0.684027 0.999846 0.276159 0.676302 0.501918 0.559455 0.578909 0.636601 0.701032 0.32539 0.0962433 0.990349 0.13406 0.658993 0.986569 0.306212 0.636664 0.159619 0.567763 0.592332 0.213204 0.575687 0.0172782 0.512037 0.0381285 0.539357 0.206688 0.544423 0.0844578 0.156133 0.777896 0.647219 
time per random number = 0.282561 ns
mrd. random numbers per second = 3.53905


# OMP_NUM_THREADS=4, w/o state shuffling
thread 0: 
0.646569 0.512652 0.119243 0.00231256 0.395588 0.902454 0.288813 0.0769639 0.282436 0.119243 0.829652 0.395588 0.54402 0.142722 0.923804 0.211589 0.338046 0.829652 0.799859 0.54402 0.512694 0.524686 0.897106 0.64317 0.303224 0.799859 0.690444 0.512694 0.10098 0.0631218 0.73045 0.00625946 
thread 3: 
0.029995 0.968667 0.855896 0.67472 0.345275 0.665759 0.999941 0.328484 0.947394 0.59594 0.836849 0.324258 0.121672 0.998162 0.239913 0.850009 0.489913 0.40588 0.214286 0.164476 0.279316 0.424851 0.807883 0.647087 0.86993 0.999687 0.576219 0.503803 0.674912 0.419395 0.440788 0.373499 
thread 1: 
0.773291 0.114863 0.950059 0.520381 0.564757 0.823842 0.516949 0.987082 0.942707 0.760351 0.523415 0.232534 0.459403 0.516949 0.987082 0.193358 0.853248 0.436608 0.613954 0.287848 0.922061 0.987082 0.193358 0.614049 0.0200429 0.936403 0.661749 0.492008 0.15444 0.193358 0.614049 0.421199 
thread 2: 
0.903625 0.621842 0.42458 0.802312 0.767875 0.781926 0.330287 0.787557 0.621842 0.906535 0.984665 0.527463 0.300394 0.330287 0.787557 0.626884 0.906535 0.17754 0.499075 0.337958 0.239977 0.787557 0.626884 0.851693 0.17754 0.901297 0.18952 0.272692 0.4493 0.626884 0.851693 0.115778 
time per random number = 0.241318 ns
mrd. random numbers per second = 4.14391
